Initialising hyperparameters...
Creating Vocabulary...
Creating X and y...
Obtaining X matrix...
Obtaining y matrix...
Input: hello world i am aditeya the best world

Cleaned Text : hello world i am aditeya the best world

Vocabulary: hello world i am aditeya the best

C: 2
N: 100
alpha: 0.010000
Vocab Size: 7
Batch Size: 4

Hashtable: 
hello
1.0 0.0 0.0 0.0 0.0 0.0 0.0 

i
0.0 1.0 0.0 0.0 0.0 0.0 0.0 

am
0.0 0.0 1.0 0.0 0.0 0.0 0.0 

best
0.0 0.0 0.0 1.0 0.0 0.0 0.0 

aditeya
0.0 0.0 0.0 0.0 1.0 0.0 0.0 

world
0.0 0.0 0.0 0.0 0.0 1.0 0.0 

the
0.0 0.0 0.0 0.0 0.0 0.0 1.0 


X: 

0.250000 0.000000 0.000000 0.000000 
0.000000 0.250000 0.250000 0.000000 
0.250000 0.000000 0.250000 0.250000 
0.000000 0.000000 0.250000 0.250000 
0.250000 0.250000 0.000000 0.250000 
0.250000 0.250000 0.000000 0.250000 
0.000000 0.250000 0.250000 0.000000 


y: 

0.000000 0.000000 0.000000 0.000000 
1.000000 0.000000 0.000000 0.000000 
0.000000 1.000000 0.000000 0.000000 
0.000000 0.000000 0.000000 0.000000 
0.000000 0.000000 1.000000 0.000000 
0.000000 0.000000 0.000000 0.000000 
0.000000 0.000000 0.000000 1.000000 


W1: 
0.084019 0.039438 0.078310 0.079844 0.091165 0.019755 0.033522 
0.076823 0.027777 0.055397 0.047740 0.062887 0.036478 0.051340 
0.095223 0.091620 0.063571 0.071730 0.014160 0.060697 0.001630 
0.024289 0.013723 0.080418 0.015668 0.040094 0.012979 0.010881 
0.099892 0.021826 0.051293 0.083911 0.061264 0.029603 0.063755 
0.052429 0.049358 0.097278 0.029252 0.077136 0.052674 0.076991 
0.040023 0.089153 0.028331 0.035246 0.080772 0.091903 0.006976 
0.094933 0.052600 0.008606 0.019221 0.066323 0.089023 0.034889 
0.006417 0.002002 0.045770 0.006310 0.023828 0.097063 0.090221 
0.085092 0.026667 0.053976 0.037521 0.076025 0.051254 0.066772 
0.053161 0.003928 0.043764 0.093184 0.093081 0.072095 0.028429 
0.073853 0.063998 0.035405 0.068786 0.016597 0.044010 0.088008 
0.082920 0.033034 0.022897 0.089337 0.035036 0.068667 0.095647 
0.058864 0.065730 0.085868 0.043956 0.092397 0.039844 0.081477 
0.068422 0.091097 0.048249 0.021582 0.095025 0.092013 0.014766 
0.088106 0.064108 0.043195 0.061960 0.028106 0.078600 0.030746 
0.044703 0.022611 0.018753 0.027623 0.055644 0.041650 0.016961 
0.090680 0.010317 0.012608 0.049544 0.076048 0.098475 0.093500 
0.068445 0.038319 0.074977 0.036866 0.029416 0.023226 0.058449 
0.024441 0.015239 0.073215 0.012547 0.079347 0.016410 0.074507 
0.007453 0.095010 0.005253 0.052156 0.017621 0.024006 0.079780 
0.073265 0.065656 0.096741 0.063946 0.075973 0.009348 0.013490 
0.052021 0.007823 0.006991 0.020466 0.046142 0.081968 0.057332 
0.075558 0.005194 0.015781 0.099999 0.020433 0.088996 0.012547 
0.099780 0.005406 0.087054 0.007233 0.000416 0.092307 0.059389 
0.018037 0.016313 0.039169 0.091303 0.081970 0.035910 0.055249 
0.057943 0.045258 0.068739 0.009964 0.053081 0.075729 0.030430 
0.099223 0.057697 0.087761 0.074781 0.062891 0.003542 0.074780 
0.083324 0.092538 0.087327 0.083104 0.097943 0.074381 0.090337 
0.098360 0.066688 0.049726 0.016397 0.083001 0.088895 0.007699 
0.064971 0.024804 0.062948 0.022914 0.070062 0.031687 0.032878 
0.023143 0.007416 0.063307 0.022366 0.065113 0.051069 0.097147 
0.028004 0.054611 0.071927 0.011328 0.047148 0.059254 0.094432 
0.045092 0.033635 0.084768 0.043451 0.000323 0.034494 0.059848 
0.083324 0.023389 0.067548 0.048295 0.048194 0.030496 0.071209 
0.018256 0.062182 0.004086 0.041398 0.069598 0.067394 0.063764 
0.034712 0.018462 0.060911 0.062716 0.073073 0.032837 0.074044 
0.020221 0.092091 0.068476 0.065313 0.025727 0.053244 0.008764 
0.026050 0.087738 0.068612 0.009374 0.011128 0.036160 0.057669 
0.059321 0.066656 0.028878 0.077577 0.028838 0.032964 0.018975 
0.098436 0.000358 0.082739 0.033148 0.018820 0.043650 0.095864 
0.091893 0.076487 0.069908 0.012114 0.068579 0.038383 0.077427 
0.094305 0.091627 0.086192 0.020355 0.079366 0.054804 0.029729 
0.090493 0.090964 0.087398 0.049814 0.057620 0.016276 0.027391 
0.086458 0.049240 0.046366 0.084894 0.049598 0.029105 0.018042 
0.068418 0.072755 0.013906 0.060311 0.049242 0.083813 0.072425 
0.017821 0.022197 0.049853 0.012126 0.013824 0.036044 0.032481 
0.093190 0.090848 0.062210 0.083683 0.081813 0.049607 0.033497 
0.039433 0.065883 0.060888 0.025891 0.015123 0.007255 0.010785 
0.064721 0.036360 0.028827 0.033139 0.009115 0.042733 0.093449 
0.058357 0.026546 0.065875 0.076178 0.048743 0.015727 0.088304 
0.062567 0.051771 0.020784 0.055756 0.042620 0.082994 0.039439 
0.024433 0.032601 0.072936 0.063865 0.098484 0.033824 0.089756 
0.013607 0.041079 0.000541 0.078328 0.077439 0.029368 0.011467 
0.086553 0.072101 0.004916 0.044911 0.098647 0.070791 0.021088 
0.047389 0.086518 0.009392 0.009956 0.038290 0.030176 0.065712 
0.080910 0.013170 0.005151 0.005342 0.045772 0.078087 0.069208 
0.044256 0.011911 0.058964 0.057863 0.052990 0.059505 0.036192 
0.030429 0.088872 0.047658 0.016982 0.060973 0.052575 0.061893 
0.059620 0.023366 0.082981 0.007009 0.009884 0.092373 0.016965 
0.048173 0.022549 0.082677 0.029083 0.035719 0.087828 0.034425 
0.081491 0.065915 0.003633 0.025747 0.077826 0.062596 0.083610 
0.030816 0.022101 0.019802 0.061244 0.010973 0.067461 0.078226 
0.071946 0.020035 0.040119 0.031566 0.043401 0.023100 0.038575 
0.053285 0.015472 0.055540 0.001458 0.038021 0.038217 0.030541 
0.073741 0.026044 0.064966 0.055232 0.091959 0.068599 0.080979 
0.069785 0.031195 0.064589 0.000600 0.053296 0.084391 0.061845 
0.064269 0.051851 0.040071 0.036215 0.071887 0.080190 0.067781 
0.015288 0.003289 0.006356 0.068572 0.018762 0.061896 0.070030 
0.056783 0.000113 0.000571 0.030524 0.026157 0.065537 0.085756 
0.018116 0.034135 0.066734 0.087901 0.065330 0.031323 0.088501 
0.018626 0.015714 0.050346 0.082896 0.067565 0.090417 0.019111 
0.039452 0.070607 0.086892 0.054740 0.073896 0.093248 0.023312 
0.092658 0.055144 0.093342 0.049441 0.055257 0.093913 0.079965 
0.081414 0.059450 0.065720 0.099530 0.093585 0.032454 0.087431 
0.058916 0.063777 0.075932 0.077542 0.079491 0.026278 0.060438 
0.047056 0.016695 0.079549 0.086509 0.087302 0.066441 0.041248 
0.061198 0.059690 0.064560 0.053856 0.014834 0.057902 0.003296 
0.070091 0.051815 0.083261 0.051505 0.011265 0.048981 0.051035 
0.004850 0.081435 0.038466 0.063766 0.045212 0.014398 0.041308 
0.024703 0.040677 0.001746 0.071760 0.057372 0.081295 0.058268 
0.044674 0.047736 0.099516 0.005872 0.007426 0.064077 0.059728 
0.022260 0.021979 0.063024 0.092351 0.073794 0.046285 0.043856 
0.085059 0.095266 0.094891 0.089909 0.076701 0.033357 0.053674 
0.021914 0.047755 0.094982 0.046617 0.088432 0.096728 0.018377 
0.045804 0.078022 0.076645 0.090478 0.025759 0.076161 0.096350 
0.033185 0.040238 0.056078 0.055445 0.062217 0.019103 0.047796 
0.036011 0.065388 0.091652 0.021069 0.060654 0.086543 0.010978 
0.037356 0.019900 0.064652 0.059269 0.067655 0.059634 0.005886 
0.056087 0.056362 0.024263 0.001891 0.034384 0.000907 0.092369 
0.060143 0.077069 0.088720 0.093327 0.017306 0.044798 0.048772 
0.079523 0.063901 0.096568 0.015534 0.029289 0.088220 0.036603 
0.089943 0.074764 0.047581 0.027299 0.094664 0.012233 0.086568 
0.062319 0.071867 0.092454 0.018407 0.028228 0.016717 0.020298 
0.062613 0.017624 0.012667 0.022755 0.094692 0.001387 0.016082 
0.011999 0.046185 0.064855 0.091522 0.010086 0.061423 0.007056 
0.039375 0.049643 0.043658 0.029318 0.024407 0.091239 0.056616 
0.019071 0.003472 0.043184 0.081390 0.075338 0.035638 0.099797 
0.003567 0.052355 0.020095 0.066179 0.069979 0.032762 0.088934 
0.064671 0.034148 0.005017 0.076670 0.080333 0.069871 0.068192 


W2: 
0.084019 0.039438 0.078310 0.079844 0.091165 0.019755 0.033522 0.076823 0.027777 0.055397 0.047740 0.062887 0.036478 0.051340 0.095223 0.091620 0.063571 0.071730 0.014160 0.060697 0.001630 0.024289 0.013723 0.080418 0.015668 0.040094 0.012979 0.010881 0.099892 0.021826 0.051293 0.083911 0.061264 0.029603 0.063755 0.052429 0.049358 0.097278 0.029252 0.077136 0.052674 0.076991 0.040023 0.089153 0.028331 0.035246 0.080772 0.091903 0.006976 0.094933 0.052600 0.008606 0.019221 0.066323 0.089023 0.034889 0.006417 0.002002 0.045770 0.006310 0.023828 0.097063 0.090221 0.085092 0.026667 0.053976 0.037521 0.076025 0.051254 0.066772 0.053161 0.003928 0.043764 0.093184 0.093081 0.072095 0.028429 0.073853 0.063998 0.035405 0.068786 0.016597 0.044010 0.088008 0.082920 0.033034 0.022897 0.089337 0.035036 0.068667 0.095647 0.058864 0.065730 0.085868 0.043956 0.092397 0.039844 0.081477 0.068422 0.091097 
0.048249 0.021582 0.095025 0.092013 0.014766 0.088106 0.064108 0.043195 0.061960 0.028106 0.078600 0.030746 0.044703 0.022611 0.018753 0.027623 0.055644 0.041650 0.016961 0.090680 0.010317 0.012608 0.049544 0.076048 0.098475 0.093500 0.068445 0.038319 0.074977 0.036866 0.029416 0.023226 0.058449 0.024441 0.015239 0.073215 0.012547 0.079347 0.016410 0.074507 0.007453 0.095010 0.005253 0.052156 0.017621 0.024006 0.079780 0.073265 0.065656 0.096741 0.063946 0.075973 0.009348 0.013490 0.052021 0.007823 0.006991 0.020466 0.046142 0.081968 0.057332 0.075558 0.005194 0.015781 0.099999 0.020433 0.088996 0.012547 0.099780 0.005406 0.087054 0.007233 0.000416 0.092307 0.059389 0.018037 0.016313 0.039169 0.091303 0.081970 0.035910 0.055249 0.057943 0.045258 0.068739 0.009964 0.053081 0.075729 0.030430 0.099223 0.057697 0.087761 0.074781 0.062891 0.003542 0.074780 0.083324 0.092538 0.087327 0.083104 
0.097943 0.074381 0.090337 0.098360 0.066688 0.049726 0.016397 0.083001 0.088895 0.007699 0.064971 0.024804 0.062948 0.022914 0.070062 0.031687 0.032878 0.023143 0.007416 0.063307 0.022366 0.065113 0.051069 0.097147 0.028004 0.054611 0.071927 0.011328 0.047148 0.059254 0.094432 0.045092 0.033635 0.084768 0.043451 0.000323 0.034494 0.059848 0.083324 0.023389 0.067548 0.048295 0.048194 0.030496 0.071209 0.018256 0.062182 0.004086 0.041398 0.069598 0.067394 0.063764 0.034712 0.018462 0.060911 0.062716 0.073073 0.032837 0.074044 0.020221 0.092091 0.068476 0.065313 0.025727 0.053244 0.008764 0.026050 0.087738 0.068612 0.009374 0.011128 0.036160 0.057669 0.059321 0.066656 0.028878 0.077577 0.028838 0.032964 0.018975 0.098436 0.000358 0.082739 0.033148 0.018820 0.043650 0.095864 0.091893 0.076487 0.069908 0.012114 0.068579 0.038383 0.077427 0.094305 0.091627 0.086192 0.020355 0.079366 0.054804 
0.029729 0.090493 0.090964 0.087398 0.049814 0.057620 0.016276 0.027391 0.086458 0.049240 0.046366 0.084894 0.049598 0.029105 0.018042 0.068418 0.072755 0.013906 0.060311 0.049242 0.083813 0.072425 0.017821 0.022197 0.049853 0.012126 0.013824 0.036044 0.032481 0.093190 0.090848 0.062210 0.083683 0.081813 0.049607 0.033497 0.039433 0.065883 0.060888 0.025891 0.015123 0.007255 0.010785 0.064721 0.036360 0.028827 0.033139 0.009115 0.042733 0.093449 0.058357 0.026546 0.065875 0.076178 0.048743 0.015727 0.088304 0.062567 0.051771 0.020784 0.055756 0.042620 0.082994 0.039439 0.024433 0.032601 0.072936 0.063865 0.098484 0.033824 0.089756 0.013607 0.041079 0.000541 0.078328 0.077439 0.029368 0.011467 0.086553 0.072101 0.004916 0.044911 0.098647 0.070791 0.021088 0.047389 0.086518 0.009392 0.009956 0.038290 0.030176 0.065712 0.080910 0.013170 0.005151 0.005342 0.045772 0.078087 0.069208 0.044256 
0.011911 0.058964 0.057863 0.052990 0.059505 0.036192 0.030429 0.088872 0.047658 0.016982 0.060973 0.052575 0.061893 0.059620 0.023366 0.082981 0.007009 0.009884 0.092373 0.016965 0.048173 0.022549 0.082677 0.029083 0.035719 0.087828 0.034425 0.081491 0.065915 0.003633 0.025747 0.077826 0.062596 0.083610 0.030816 0.022101 0.019802 0.061244 0.010973 0.067461 0.078226 0.071946 0.020035 0.040119 0.031566 0.043401 0.023100 0.038575 0.053285 0.015472 0.055540 0.001458 0.038021 0.038217 0.030541 0.073741 0.026044 0.064966 0.055232 0.091959 0.068599 0.080979 0.069785 0.031195 0.064589 0.000600 0.053296 0.084391 0.061845 0.064269 0.051851 0.040071 0.036215 0.071887 0.080190 0.067781 0.015288 0.003289 0.006356 0.068572 0.018762 0.061896 0.070030 0.056783 0.000113 0.000571 0.030524 0.026157 0.065537 0.085756 0.018116 0.034135 0.066734 0.087901 0.065330 0.031323 0.088501 0.018626 0.015714 0.050346 
0.082896 0.067565 0.090417 0.019111 0.039452 0.070607 0.086892 0.054740 0.073896 0.093248 0.023312 0.092658 0.055144 0.093342 0.049441 0.055257 0.093913 0.079965 0.081414 0.059450 0.065720 0.099530 0.093585 0.032454 0.087431 0.058916 0.063777 0.075932 0.077542 0.079491 0.026278 0.060438 0.047056 0.016695 0.079549 0.086509 0.087302 0.066441 0.041248 0.061198 0.059690 0.064560 0.053856 0.014834 0.057902 0.003296 0.070091 0.051815 0.083261 0.051505 0.011265 0.048981 0.051035 0.004850 0.081435 0.038466 0.063766 0.045212 0.014398 0.041308 0.024703 0.040677 0.001746 0.071760 0.057372 0.081295 0.058268 0.044674 0.047736 0.099516 0.005872 0.007426 0.064077 0.059728 0.022260 0.021979 0.063024 0.092351 0.073794 0.046285 0.043856 0.085059 0.095266 0.094891 0.089909 0.076701 0.033357 0.053674 0.021914 0.047755 0.094982 0.046617 0.088432 0.096728 0.018377 0.045804 0.078022 0.076645 0.090478 0.025759 
0.076161 0.096350 0.033185 0.040238 0.056078 0.055445 0.062217 0.019103 0.047796 0.036011 0.065388 0.091652 0.021069 0.060654 0.086543 0.010978 0.037356 0.019900 0.064652 0.059269 0.067655 0.059634 0.005886 0.056087 0.056362 0.024263 0.001891 0.034384 0.000907 0.092369 0.060143 0.077069 0.088720 0.093327 0.017306 0.044798 0.048772 0.079523 0.063901 0.096568 0.015534 0.029289 0.088220 0.036603 0.089943 0.074764 0.047581 0.027299 0.094664 0.012233 0.086568 0.062319 0.071867 0.092454 0.018407 0.028228 0.016717 0.020298 0.062613 0.017624 0.012667 0.022755 0.094692 0.001387 0.016082 0.011999 0.046185 0.064855 0.091522 0.010086 0.061423 0.007056 0.039375 0.049643 0.043658 0.029318 0.024407 0.091239 0.056616 0.019071 0.003472 0.043184 0.081390 0.075338 0.035638 0.099797 0.003567 0.052355 0.020095 0.066179 0.069979 0.032762 0.088934 0.064671 0.034148 0.005017 0.076670 0.080333 0.069871 0.068192 


b1: 
0.084019 
0.039438 
0.078310 
0.079844 
0.091165 
0.019755 
0.033522 
0.076823 
0.027777 
0.055397 
0.047740 
0.062887 
0.036478 
0.051340 
0.095223 
0.091620 
0.063571 
0.071730 
0.014160 
0.060697 
0.001630 
0.024289 
0.013723 
0.080418 
0.015668 
0.040094 
0.012979 
0.010881 
0.099892 
0.021826 
0.051293 
0.083911 
0.061264 
0.029603 
0.063755 
0.052429 
0.049358 
0.097278 
0.029252 
0.077136 
0.052674 
0.076991 
0.040023 
0.089153 
0.028331 
0.035246 
0.080772 
0.091903 
0.006976 
0.094933 
0.052600 
0.008606 
0.019221 
0.066323 
0.089023 
0.034889 
0.006417 
0.002002 
0.045770 
0.006310 
0.023828 
0.097063 
0.090221 
0.085092 
0.026667 
0.053976 
0.037521 
0.076025 
0.051254 
0.066772 
0.053161 
0.003928 
0.043764 
0.093184 
0.093081 
0.072095 
0.028429 
0.073853 
0.063998 
0.035405 
0.068786 
0.016597 
0.044010 
0.088008 
0.082920 
0.033034 
0.022897 
0.089337 
0.035036 
0.068667 
0.095647 
0.058864 
0.065730 
0.085868 
0.043956 
0.092397 
0.039844 
0.081477 
0.068422 
0.091097 


b2: 
0.084019 
0.039438 
0.078310 
0.079844 
0.091165 
0.019755 
0.033522 

Initiating Training...
Epoch: 0 Loss: 1.386280
Epoch: 1 Loss: 1.386246
Epoch: 2 Loss: 1.386212
Epoch: 3 Loss: 1.386178
Epoch: 4 Loss: 1.386144
Epoch: 5 Loss: 1.386110
Epoch: 6 Loss: 1.386076
Epoch: 7 Loss: 1.386042
Epoch: 8 Loss: 1.386008
Epoch: 9 Loss: 1.385974
Input: hello world i am aditeya the best world

Cleaned Text : hello world i am aditeya the best world

Vocabulary: hello world i am aditeya the best

C: 2
N: 100
alpha: 0.010000
Vocab Size: 7
Batch Size: 4

Hashtable: 
hello
1.0 0.0 0.0 0.0 0.0 0.0 0.0 

i
0.0 1.0 0.0 0.0 0.0 0.0 0.0 

am
0.0 0.0 1.0 0.0 0.0 0.0 0.0 

best
0.0 0.0 0.0 1.0 0.0 0.0 0.0 

aditeya
0.0 0.0 0.0 0.0 1.0 0.0 0.0 

world
0.0 0.0 0.0 0.0 0.0 1.0 0.0 

the
0.0 0.0 0.0 0.0 0.0 0.0 1.0 


X: 

0.250000 0.000000 0.000000 0.000000 
0.000000 0.250000 0.250000 0.000000 
0.250000 0.000000 0.250000 0.250000 
0.000000 0.000000 0.250000 0.250000 
0.250000 0.250000 0.000000 0.250000 
0.250000 0.250000 0.000000 0.250000 
0.000000 0.250000 0.250000 0.000000 


y: 

0.000000 0.000000 0.000000 0.000000 
1.000000 0.000000 0.000000 0.000000 
0.000000 1.000000 0.000000 0.000000 
0.000000 0.000000 0.000000 0.000000 
0.000000 0.000000 1.000000 0.000000 
0.000000 0.000000 0.000000 0.000000 
0.000000 0.000000 0.000000 1.000000 


W1: 
0.083648 0.038800 0.077163 0.079068 0.090552 0.019143 0.032884 
0.076255 0.027224 0.054411 0.047321 0.061996 0.035587 0.050786 
0.094978 0.090893 0.062239 0.070643 0.013027 0.059564 0.000903 
0.024129 0.013219 0.079388 0.014798 0.039346 0.012230 0.010376 
0.099397 0.021455 0.050360 0.083473 0.060373 0.028712 0.063385 
0.052388 0.048730 0.096643 0.028657 0.076584 0.052123 0.076363 
0.039939 0.088491 0.027870 0.034868 0.080224 0.091354 0.006314 
0.094589 0.052465 0.007725 0.018684 0.065405 0.088105 0.034754 
0.006122 0.001513 0.044725 0.005560 0.023040 0.096276 0.089731 
0.084822 0.025940 0.053155 0.036970 0.075145 0.050374 0.066046 
0.053047 0.003520 0.043244 0.092778 0.092585 0.071600 0.028021 
0.073357 0.063125 0.034450 0.068328 0.015467 0.042880 0.087134 
0.082680 0.032793 0.022152 0.088832 0.034296 0.067927 0.095406 
0.058475 0.065203 0.085186 0.043662 0.091484 0.038931 0.080949 
0.067978 0.090574 0.047381 0.021159 0.094450 0.091437 0.014242 
0.087705 0.063693 0.042248 0.061414 0.026837 0.077331 0.030331 
0.044483 0.021740 0.017689 0.026779 0.054741 0.040747 0.016090 
0.090537 0.009728 0.011853 0.048933 0.075376 0.097804 0.092912 
0.068022 0.037842 0.074435 0.036747 0.028397 0.022208 0.057972 
0.024383 0.014510 0.072399 0.011790 0.078819 0.015882 0.073778 
0.007045 0.094525 0.004640 0.051951 0.016846 0.023231 0.079295 
0.072787 0.065105 0.095675 0.063359 0.075171 0.008546 0.012938 
0.051837 0.007656 0.006355 0.020014 0.045340 0.081166 0.057165 
0.075419 0.004770 0.014962 0.099320 0.020035 0.088598 0.012123 
0.099780 0.004654 0.086478 0.006657 -0.000209 0.091681 0.058638 
0.018037 0.016059 0.038723 0.090857 0.081314 0.035254 0.054994 
0.057943 0.045061 0.068140 0.009365 0.052678 0.075327 0.030233 
0.099011 0.057322 0.087318 0.074549 0.062072 0.002723 0.074405 
0.083172 0.092025 0.086371 0.082299 0.096867 0.073305 0.089824 
0.097986 0.065885 0.048754 0.015799 0.082378 0.088272 0.006897 
0.064564 0.024382 0.061909 0.022282 0.069445 0.031070 0.032456 
0.022617 0.006862 0.062424 0.022009 0.064025 0.049980 0.096592 
0.027689 0.053870 0.071212 0.010929 0.046252 0.058358 0.093691 
0.044595 0.033406 0.084095 0.043274 -0.000346 0.033825 0.059619 
0.082953 0.022933 0.066555 0.047674 0.047278 0.029580 0.070753 
0.018224 0.061361 0.003508 0.040852 0.068884 0.066680 0.062943 
0.034334 0.017905 0.060065 0.062247 0.072317 0.032082 0.073487 
0.019920 0.091279 0.067483 0.064622 0.024722 0.052240 0.007952 
0.025673 0.087337 0.067758 0.008896 0.010674 0.035707 0.057267 
0.059120 0.065911 0.028387 0.077287 0.028070 0.032196 0.018230 
0.098021 0.000323 0.081963 0.032787 0.018009 0.042839 0.095829 
0.091873 0.076031 0.069309 0.011536 0.067830 0.037635 0.076971 
0.093924 0.091236 0.085527 0.020071 0.078877 0.054315 0.029337 
0.090310 0.090400 0.086687 0.049287 0.056847 0.015503 0.026827 
0.086047 0.048854 0.045640 0.084579 0.049117 0.028624 0.017657 
0.068214 0.072442 0.013623 0.060232 0.048803 0.083374 0.072112 
0.017699 0.021508 0.048948 0.011344 0.013162 0.035382 0.031792 
0.093187 0.090211 0.061713 0.083189 0.081099 0.048894 0.032860 
0.039233 0.065272 0.060409 0.025611 0.014567 0.006698 0.010174 
0.064647 0.035558 0.027589 0.031974 0.008213 0.041830 0.092647 
0.058138 0.026095 0.065322 0.075845 0.048262 0.015247 0.087853 
0.062567 0.051291 0.020293 0.055264 0.042517 0.082891 0.038958 
0.024038 0.032162 0.072331 0.063655 0.097858 0.033198 0.089317 
0.013209 0.040478 -0.000097 0.078090 0.076678 0.028607 0.010866 
0.086285 0.071502 0.003781 0.044044 0.097701 0.069845 0.020490 
0.047028 0.086508 0.008801 0.009726 0.037689 0.029575 0.065702 
0.080512 0.012898 0.004148 0.004736 0.045041 0.077356 0.068935 
0.043995 0.011732 0.058445 0.057606 0.052292 0.058806 0.036012 
0.030170 0.088603 0.047055 0.016638 0.060487 0.052089 0.061623 
0.059620 0.023058 0.082656 0.006685 0.009251 0.091740 0.016657 
0.048007 0.022461 0.081983 0.028555 0.035113 0.087222 0.034337 
0.081295 0.065534 0.002766 0.025076 0.076881 0.061652 0.083230 
0.030208 0.021684 0.018959 0.061008 0.010101 0.066588 0.077809 
0.071625 0.019563 0.039171 0.030940 0.042418 0.022116 0.038102 
0.053285 0.015150 0.054984 0.000902 0.037393 0.037588 0.030219 
0.073544 0.025463 0.064207 0.054670 0.091251 0.067891 0.080397 
0.069742 0.030508 0.063982 0.000037 0.052519 0.083614 0.061157 
0.063670 0.051591 0.039065 0.035809 0.070902 0.079205 0.067521 
0.015096 0.002499 0.005515 0.067922 0.017961 0.061095 0.069240 
0.056365 -0.000316 -0.000273 0.030098 0.024970 0.064350 0.085327 
0.018098 0.033420 0.066313 0.087499 0.064654 0.030646 0.087786 
0.018493 0.015714 0.050080 0.082764 0.067299 0.090151 0.019111 
0.039015 0.070326 0.086059 0.054344 0.073196 0.092548 0.023031 
0.092570 0.054656 0.092703 0.048889 0.054537 0.093193 0.079476 
0.081094 0.059005 0.064810 0.098940 0.092588 0.031457 0.086987 
0.058538 0.063414 0.075193 0.077180 0.078507 0.025294 0.060074 
0.046761 0.016401 0.078720 0.085975 0.086768 0.065907 0.040954 
0.060912 0.058845 0.063773 0.053354 0.014205 0.057273 0.002451 
0.070018 0.050793 0.082312 0.050629 0.010479 0.048196 0.050013 
0.004825 0.080927 0.037931 0.063256 0.044365 0.013551 0.040799 
0.024500 0.040375 0.000840 0.071058 0.056768 0.080690 0.057967 
0.044538 0.047176 0.099087 0.005579 0.006610 0.063261 0.059168 
0.021791 0.021295 0.061861 0.091658 0.072708 0.045199 0.043172 
0.084617 0.094401 0.093847 0.089306 0.075507 0.032162 0.052809 
0.021850 0.046902 0.094170 0.045868 0.087736 0.096032 0.017523 
0.045380 0.077343 0.075747 0.090005 0.025128 0.075531 0.095671 
0.033005 0.039927 0.055105 0.054651 0.061554 0.018440 0.047485 
0.035863 0.064902 0.090769 0.020334 0.060180 0.086069 0.010492 
0.037141 0.019900 0.064163 0.058995 0.067166 0.059145 0.005886 
0.055961 0.055868 0.023614 0.001369 0.033635 0.000158 0.091875 
0.059913 0.076097 0.087879 0.092716 0.016424 0.043916 0.047800 
0.079456 0.063328 0.095702 0.014735 0.028637 0.087568 0.036030 
0.089622 0.073867 0.046675 0.026714 0.093580 0.011148 0.085671 
0.061948 0.071395 0.091528 0.017852 0.027233 0.015721 0.019826 
0.062221 0.017623 0.012078 0.022558 0.094104 0.000799 0.016082 
0.011925 0.045852 0.063946 0.090687 0.009510 0.060847 0.006723 
0.039113 0.049195 0.042886 0.028807 0.023619 0.090451 0.056169 
0.018949 0.002336 0.042299 0.080627 0.074462 0.034762 0.098661 
0.003359 0.051470 0.018938 0.065230 0.069218 0.032001 0.088049 
0.064539 0.033522 0.004340 0.076125 0.079683 0.069222 0.067566 


W2: 
0.080484 0.037273 0.075122 0.077117 0.087591 0.017676 0.031312 0.073702 0.026044 0.052683 0.045127 0.060138 0.034208 0.048401 0.091284 0.088067 0.061231 0.068490 0.012737 0.058084 0.000700 0.022329 0.012439 0.077376 0.014101 0.037855 0.011400 0.009127 0.095284 0.019864 0.048938 0.080606 0.058414 0.027846 0.060961 0.049961 0.046860 0.093678 0.027498 0.074233 0.050161 0.073622 0.037438 0.085555 0.026467 0.032954 0.078108 0.087950 0.006072 0.091649 0.050025 0.007175 0.017203 0.063784 0.085483 0.033104 0.005302 0.000784 0.043335 0.005074 0.021957 0.093344 0.087009 0.082133 0.025189 0.051000 0.035286 0.072695 0.049161 0.064283 0.050428 0.002469 0.040999 0.089044 0.089020 0.068774 0.026142 0.070961 0.061205 0.033521 0.065884 0.015004 0.041599 0.084049 0.079208 0.030531 0.021231 0.085671 0.032961 0.066164 0.091841 0.055956 0.062709 0.082697 0.042103 0.089025 0.037668 0.078187 0.065557 0.087483 
0.048460 0.021786 0.095172 0.092209 0.014925 0.088221 0.064199 0.043560 0.061942 0.028378 0.078782 0.030553 0.044608 0.022629 0.019042 0.027779 0.055825 0.041888 0.017062 0.090741 0.009718 0.012787 0.049730 0.076229 0.098998 0.093322 0.068756 0.038377 0.074942 0.037388 0.029724 0.023217 0.058358 0.024410 0.015410 0.073000 0.012486 0.079154 0.016231 0.074418 0.007734 0.095199 0.005595 0.052307 0.017745 0.023915 0.079812 0.073355 0.065652 0.096663 0.063827 0.076037 0.009201 0.013313 0.052266 0.007660 0.007295 0.020608 0.046013 0.082387 0.057609 0.075617 0.004986 0.016001 0.100306 0.020623 0.089346 0.012659 0.099546 0.005451 0.086739 0.007276 0.000531 0.092543 0.059300 0.017966 0.016445 0.039306 0.091375 0.081565 0.035712 0.055371 0.057839 0.045230 0.068927 0.009632 0.053003 0.075966 0.030636 0.099110 0.057532 0.088106 0.074855 0.063051 0.003826 0.074598 0.083333 0.092294 0.086891 0.083091 
0.097596 0.074254 0.090074 0.098055 0.066438 0.049693 0.016659 0.083267 0.089128 0.007685 0.064748 0.024879 0.062998 0.022948 0.070283 0.031615 0.032908 0.023382 0.007226 0.063316 0.022782 0.064726 0.051293 0.096867 0.027761 0.054522 0.071920 0.011046 0.047190 0.059313 0.094302 0.045197 0.033851 0.084513 0.043272 0.000753 0.034413 0.059731 0.083464 0.023282 0.067301 0.048433 0.048166 0.030274 0.070924 0.018557 0.062132 0.003980 0.041245 0.069747 0.067216 0.063875 0.034721 0.018524 0.061167 0.063152 0.073356 0.032636 0.074370 0.020000 0.091908 0.068938 0.065418 0.025614 0.053157 0.008756 0.026139 0.087948 0.068700 0.009598 0.011046 0.035990 0.057583 0.059238 0.066566 0.028741 0.077280 0.028580 0.032718 0.019067 0.098693 0.000249 0.082514 0.032927 0.018688 0.043643 0.095780 0.091809 0.076219 0.070222 0.011804 0.068449 0.038605 0.077197 0.094331 0.091299 0.086347 0.020364 0.079664 0.054994 
0.026195 0.088329 0.087777 0.084672 0.046241 0.055541 0.014066 0.024271 0.084725 0.046526 0.043755 0.082144 0.047327 0.026166 0.014105 0.064866 0.070416 0.010667 0.058887 0.046629 0.082882 0.070466 0.016538 0.019156 0.048287 0.009886 0.012246 0.034289 0.027872 0.091229 0.088494 0.058904 0.080832 0.080055 0.046813 0.031030 0.036934 0.062283 0.059134 0.022987 0.012610 0.003886 0.008201 0.061123 0.034496 0.026535 0.030474 0.005163 0.041829 0.090165 0.055782 0.025116 0.063856 0.073639 0.045203 0.013941 0.087190 0.061349 0.049336 0.019550 0.053886 0.038901 0.079781 0.036480 0.022956 0.029626 0.070702 0.060536 0.096392 0.031335 0.087023 0.012150 0.038315 -0.003598 0.074267 0.074117 0.027082 0.008575 0.083761 0.070216 0.002014 0.043317 0.096236 0.066832 0.017377 0.044885 0.084852 0.005726 0.007882 0.035785 0.026370 0.062804 0.077888 0.009999 0.003299 0.001970 0.043596 0.074796 0.066341 0.040642 
0.011858 0.058862 0.057979 0.052954 0.059534 0.036138 0.030011 0.088344 0.047462 0.016746 0.060576 0.052923 0.061996 0.059641 0.022855 0.082903 0.006721 0.009422 0.092556 0.016910 0.048687 0.022633 0.082275 0.028843 0.035487 0.087819 0.034105 0.081811 0.065946 0.003032 0.025518 0.077743 0.062669 0.083939 0.030869 0.021960 0.019832 0.061470 0.011302 0.067634 0.078315 0.071929 0.019836 0.040293 0.031610 0.043335 0.023124 0.038560 0.053534 0.015682 0.055847 0.001261 0.038060 0.038106 0.030050 0.073870 0.025620 0.064794 0.055251 0.091664 0.068343 0.080748 0.069908 0.031116 0.064383 0.000341 0.052934 0.084129 0.061897 0.064118 0.052133 0.039748 0.035972 0.071765 0.080346 0.067945 0.015069 0.003318 0.006575 0.068931 0.018610 0.062001 0.070027 0.057031 -0.000291 0.000970 0.030627 0.025857 0.065249 0.086012 0.018555 0.033972 0.066757 0.088084 0.064980 0.031523 0.088391 0.018721 0.015907 0.050108 
0.079361 0.065400 0.087229 0.016384 0.035878 0.068527 0.084682 0.051617 0.072163 0.090534 0.020699 0.089909 0.052874 0.090402 0.045501 0.051704 0.091573 0.076724 0.079990 0.056836 0.064792 0.097570 0.092301 0.029412 0.085864 0.056677 0.062198 0.074178 0.072934 0.077528 0.023923 0.057132 0.044206 0.014938 0.076754 0.084041 0.084804 0.062842 0.039495 0.058295 0.057176 0.061191 0.051270 0.011236 0.056038 0.001005 0.067427 0.047862 0.082357 0.048221 0.008691 0.047550 0.049016 0.002311 0.077894 0.036681 0.062650 0.043994 0.011963 0.040071 0.022831 0.036957 -0.001466 0.068800 0.055894 0.078318 0.056032 0.041344 0.045644 0.097027 0.003141 0.005967 0.061312 0.055588 0.018200 0.018658 0.060737 0.089459 0.071001 0.044402 0.040955 0.083465 0.092855 0.090933 0.086196 0.074199 0.031692 0.050007 0.019838 0.045252 0.091177 0.043708 0.085410 0.093557 0.016523 0.042432 0.075847 0.073355 0.087614 0.022144 
0.076346 0.096373 0.033183 0.040379 0.056138 0.055414 0.062278 0.018995 0.047777 0.035985 0.065821 0.091427 0.021013 0.060580 0.086540 0.010969 0.037429 0.019881 0.064557 0.059253 0.067335 0.059755 0.005875 0.056421 0.056306 0.024540 0.001902 0.034289 0.000869 0.092380 0.060188 0.077055 0.088525 0.093286 0.017258 0.044727 0.048885 0.079610 0.063616 0.096592 0.015407 0.028977 0.088101 0.036498 0.090058 0.074622 0.047575 0.027328 0.094574 0.011954 0.086559 0.062340 0.071966 0.092681 0.018391 0.027831 0.016549 0.020526 0.062399 0.017715 0.012824 0.022465 0.094675 0.001355 0.016064 0.012073 0.046102 0.064792 0.091619 0.009967 0.061542 0.007501 0.039586 0.049608 0.043682 0.029363 0.024786 0.091329 0.056570 0.019032 0.003566 0.043064 0.081723 0.075340 0.035980 0.099743 0.003626 0.052498 0.020439 0.065725 0.070019 0.032705 0.088616 0.064556 0.034184 0.005329 0.076616 0.080476 0.069823 0.068253 


b1: 
0.079223 
0.034575 
0.071926 
0.075278 
0.086775 
0.016126 
0.030180 
0.072955 
0.023134 
0.050542 
0.044893 
0.056970 
0.033025 
0.047095 
0.091289 
0.086358 
0.057895 
0.067700 
0.010086 
0.056551 
-0.002117 
0.019450 
0.010514 
0.077137 
0.011763 
0.037383 
0.010584 
0.007605 
0.094801 
0.017030 
0.047138 
0.078860 
0.056561 
0.026460 
0.059028 
0.048202 
0.045041 
0.091660 
0.025832 
0.073129 
0.049432 
0.073386 
0.036933 
0.085057 
0.025145 
0.033176 
0.076263 
0.088208 
0.003682 
0.089047 
0.049631 
0.006456 
0.015880 
0.062326 
0.083664 
0.032486 
0.002405 
-0.000790 
0.043054 
0.003780 
0.021054 
0.092681 
0.085956 
0.080285 
0.023653 
0.049880 
0.033379 
0.071524 
0.046388 
0.061854 
0.049534 
0.002864 
0.040135 
0.089488 
0.088377 
0.067920 
0.025115 
0.069330 
0.058484 
0.031624 
0.065164 
0.012988 
0.038145 
0.081800 
0.078198 
0.028620 
0.019003 
0.085652 
0.033079 
0.064884 
0.090256 
0.054683 
0.059957 
0.081081 
0.041602 
0.088763 
0.035827 
0.075684 
0.062817 
0.087192 


b2: 
0.059019 
0.039438 
0.078310 
0.054844 
0.091165 
-0.005245 
0.033522 

